98070.0
90550.0
43480.0
36550.0
73790.0
87530.0
43830.0
107910.0
42610.0
51240.0
86330.0
59100.0
52370.0
76700.0
94040.0
71710.0
67210.0
69760.0
83230.0
62210.0
53980.0
42300.0
66420.0
74200.0
58500.0
37780.0
42100.0
66350.0
48230.0
46980.0
73490.0
32860.0
79170.0
76440.0
58370.0
79910.0
14870.0
40430.0
49910.0
63350.0
41940.0
54030.0
59240.0
97190.0
55220.0
55520.0
125420.0
60170.0
77440.0
47420.0
44990.0
39100.0
82990.0
81040.0
60090.0
36460.0
33020.0
29730.0
39080.0
60080.0
75000.0
48330.0
51040.0
80880.0
87080.0
37900.0
44390.0
37950.0
70360.0
79010.0
47340.0
77620.0
58870.0
64330.0
92820.0
83540.0
23300.0
45560.0
26880.0
37730.0
75450.0
76510.0
74670.0
58580.0
69710.0
54690.0
76220.0
98020.0
79040.0
58620.0
65850.0
31640.0
69100.0
80780.0
75000.0
27020.0
87580.0
75070.0
41670.0
20580.0
